1:[0, 1, 2, 3, 4, 5, 6, 7, 8, 9, 10, 11, 12, 2417, 2418, 2419]
2:[13, 14, 15, 16, 17, 2420, 2421, 2422]
7:[18]
8:[19, 20, 21, 22, 23, 24, 25, 26, 27, 28, 29, 30, 31, 32, 33, 34]
9:[35, 36, 37, 38, 39, 40, 41, 42, 43, 44, 45, 46, 47, 2423]
11:[48, 49, 50, 51, 52, 53, 54, 55, 56, 57, 58, 59, 60, 61, 62, 63, 64, 65, 66, 67, 68, 69, 70, 71, 72, 73, 74, 75, 76, 2424, 2425]
15:[77, 78, 79, 80, 81, 82, 83, 84, 85]
17:[86, 87, 88, 89, 90, 91, 92, 93, 94, 95, 96, 97, 2426, 2427]
23:[98, 99, 100, 101, 102, 103, 104, 2428]
24:[105, 106, 107, 108, 109, 110, 111, 112, 113, 114, 115, 116]
27:[117, 118, 119, 120, 121, 122, 123, 124, 125, 126, 127, 128, 129, 130, 131, 132, 133]
30:[134, 135, 136, 137, 138, 139, 140, 141, 142, 143, 144, 145, 146, 147, 148, 2429]
31:[149, 150, 151, 152, 153, 154, 155, 156, 157, 158]
32:[159]
34:[160, 161]
35:[162, 163, 164, 165, 166, 167, 168, 169, 170, 171, 172, 173, 174, 175, 176, 177, 178, 2430]
37:[179, 180, 181, 182]
38:[183, 184, 185, 186, 187, 188, 189, 190, 191, 192, 193, 194, 195, 196, 197, 198, 199, 2431, 2432, 2433]
40:[200, 201, 202, 203, 204, 205, 206, 207, 208, 209]
41:[210, 211]
42:[212, 213, 214, 215, 216, 217, 218, 219, 220, 221, 222]
43:[223, 224, 225, 226, 227, 228, 229, 230, 231, 232, 233, 234, 235, 236, 237, 238, 239, 240, 241, 242, 243, 244, 245, 246, 247, 248, 249, 250, 251, 252, 253, 254, 255, 256, 257, 258, 259, 260, 261, 262, 263, 264, 265, 266, 267, 268, 269, 270, 271, 272, 273, 274, 275, 276, 277, 278, 279, 280, 281]
44:[282, 283, 284, 285, 286, 287, 2434]
45:[288, 289, 290, 291, 292, 293, 294, 295, 296, 297, 298]
46:[299, 300, 301, 302, 303, 304, 305, 306, 307, 308]
50:[309, 310, 311, 312, 313, 2435]
51:[314, 315, 316, 317, 318, 319, 320, 321, 322, 323, 324, 325, 2436]
55:[326, 327, 328, 329, 330, 331, 332, 333, 334, 335, 336, 337, 338, 339, 340, 341, 342, 343, 344, 345, 346, 347, 348, 349, 350, 351]
56:[352, 353, 354, 355, 356, 357, 358]
58:[359, 360, 361, 362, 363, 364, 365, 366, 367, 368, 369, 370, 371, 372, 373, 374, 375, 376, 377, 378, 379, 380, 381, 382]
60:[383]
63:[384, 385, 386, 387, 388, 389]
65:[390, 391, 392, 393, 394, 395, 396, 397, 2437, 2438]
66:[398, 399, 400]
67:[401, 402, 403, 404, 405, 2439, 2440]
68:[406, 407, 408]
69:[409, 410, 411]
70:[412, 413, 414, 415, 416, 417, 418, 419, 420, 421, 422, 423, 424, 425, 426, 427, 428, 429, 430, 431, 432, 433, 434, 435, 436, 437, 438, 439, 440, 441, 442, 2441, 2442, 2443]
71:[443, 444, 445, 446, 447, 448, 2444, 2445, 2446]
73:[449, 450, 451, 452, 453, 454, 455, 456, 2447]
74:[457, 458]
75:[459, 460, 461, 462, 463, 2448, 2449, 2450]
76:[464, 465, 466]
77:[467, 468, 469, 470, 471, 472, 473, 474, 475, 476, 477, 478, 2451]
78:[479, 480, 481, 482, 483, 484, 485, 486, 487, 488, 489, 490, 491, 492, 493, 494, 495, 2452, 2453, 2454]
79:[496, 497, 498, 499, 500, 501, 502, 503, 504, 505, 506, 507, 508, 2455, 2456]
80:[509, 510, 511, 512, 513, 514, 515, 516, 517, 518, 519, 520, 521, 522, 2457, 2458, 2459]
81:[523, 524, 525, 526]
82:[527, 528, 529, 530, 531, 532, 533, 534, 535, 536, 537]
83:[538, 539, 540]
84:[541, 542, 543, 544, 2460, 2461, 2462]
85:[545, 546, 547, 548, 549, 550, 551, 552, 553, 2463, 2464, 2465]
86:[554, 555, 556, 557, 558, 559, 560, 2466, 2467]
87:[561, 562, 563, 564, 565, 566, 567, 568, 569, 2468]
88:[570, 571, 572, 573, 574, 575, 2469, 2470, 2471]
89:[576, 577, 578, 579, 580, 581, 582, 583, 584, 585, 586, 587, 588, 589, 590, 591, 592, 593, 2472, 2473]
90:[594, 595, 596, 597, 598, 599, 600, 601, 602, 603, 2474]
91:[604, 605, 606, 607, 608, 609, 610, 611, 612, 613, 614, 615, 616, 617, 618, 619, 620]
92:[621, 622, 623, 624, 625, 626, 627, 628]
94:[629, 630, 631, 632, 633, 634, 635, 636, 637, 638, 639]
96:[640, 641]
97:[642, 643, 644, 645, 646, 2475]
101:[647]
103:[648, 649, 650, 651, 652, 653, 654, 655, 656, 2476]
104:[657, 658, 659, 660, 661, 662, 663, 664, 665, 666, 667]
105:[668, 669, 670, 671, 672, 673, 674, 675, 676, 677, 678, 679, 680, 681, 682, 683, 684, 685, 686, 687, 688, 689, 690, 691, 692, 693, 694, 695]
106:[696, 697, 698, 699, 700, 701, 702, 703, 704, 705, 706, 707, 708, 709, 710, 711, 712, 2477, 2478]
107:[713, 714, 715, 716, 717]
108:[718, 719, 720, 721, 722, 723, 724, 725, 726, 727, 728, 729, 730, 731, 732, 733, 734, 735, 736, 737, 738, 739, 740, 741, 742, 743, 744, 745]
110:[746, 747, 748, 749, 750, 751, 752, 753, 754, 755, 756, 757, 758, 759, 760, 761, 762, 763, 764, 765, 766]
111:[767, 768, 769, 770, 771, 772, 773, 774, 775, 776, 777, 778, 779, 780, 781]
112:[782, 783, 784]
113:[785, 786, 787, 788, 789, 790, 791, 792, 793, 794, 795, 796, 797, 798, 799, 800, 801, 2479]
116:[802, 803, 804, 805, 806, 807, 808, 809, 810, 811, 812]
118:[813, 814, 815, 816, 817, 818, 819, 820, 821, 822, 823, 824, 825, 826, 827, 828, 829, 830, 831, 832, 833, 834, 835, 836, 837, 838, 839, 840]
119:[841, 842, 843, 844, 845, 846, 847, 848, 849, 2480]
121:[850, 851]
122:[852, 853, 854, 855, 856, 857, 858, 859, 860, 861, 862, 863, 864, 865, 866, 867, 868, 869, 870, 871, 872]
123:[873, 874, 875, 876, 877, 878, 879, 880, 881, 882, 883, 884, 885, 886, 887, 888, 889, 890, 891, 892, 893, 894, 895, 896, 897, 898, 899, 900, 901, 902, 903, 904, 905, 906, 907, 908, 909, 910, 911, 912]
124:[913, 914, 915, 916, 917, 918, 919, 920, 2481, 2482]
125:[921, 922, 923, 924, 925, 926, 927, 928, 929, 930, 931, 932, 933, 934, 935, 936, 937, 938, 939, 940, 941, 942]
126:[943, 944]
127:[945, 946, 947, 948, 949, 950, 951, 952]
128:[953, 954, 955, 956, 957, 958, 959, 960, 961, 962, 963, 964, 965, 966]
129:[967, 968, 969, 970, 971, 972, 973, 974, 975, 976, 977, 978, 979, 980, 981, 982, 983, 984, 985, 986, 987, 988, 989, 990, 991, 992, 993, 994, 995, 996, 997, 998, 999, 1000, 1001]
130:[1002, 1003, 1004, 1005, 1006]
131:[1007, 1008, 1009, 1010]
132:[1011, 1012, 1013, 1014, 1015, 1016, 1017, 1018, 1019, 1020, 1021, 1022, 1023, 1024, 1025, 1026, 1027, 1028, 1029, 1030, 1031, 1032, 1033, 1034, 2483]
133:[1035, 1036, 1037, 1038, 1039, 1040, 1041, 1042, 1043, 1044, 1045, 1046, 1047, 1048]
134:[1049, 1050, 1051, 1052, 1053, 1054, 1055, 1056, 1057, 1058, 1059, 1060, 1061, 1062, 1063, 1064]
135:[1065, 1066, 1067, 1068, 1069, 1070, 1071]
136:[1072, 1073, 1074, 1075, 1076, 1077, 1078, 1079, 1080, 1081, 1082, 1083]
137:[1084, 1085, 1086, 1087, 1088, 1089, 1090, 1091, 1092, 2484, 2485, 2486, 2487]
138:[1093, 1094, 1095, 2488]
139:[1096, 1097, 1098, 1099, 1100, 1101, 1102, 1103, 1104, 1105, 1106]
140:[1107, 1108, 1109, 1110, 1111, 1112, 2489]
141:[1113, 2490]
143:[1114, 1115, 1116]
144:[1117, 1118, 1119]
145:[1120, 2491]
146:[1121, 1122, 1123, 1124, 1125, 1126, 1127, 1128, 1129]
148:[1130, 1131, 1132]
149:[1133, 1134, 1135, 2492]
152:[1136, 1137, 1138, 1139, 1140]
153:[1141, 1142, 2494]
154:[1143, 1144, 1145, 1146, 1147, 2495]
155:[1148, 1149, 1150, 2496]
156:[1151, 1152, 1153, 1154, 1155]
157:[1156, 1157, 1158, 1159, 1160, 1161]
159:[1162, 1163, 1164]
160:[1165, 1166, 1167]
162:[1168, 1169, 1170, 1171]
163:[1172, 1173, 1174, 1175, 1176, 1177, 1178, 1179, 1180, 1181, 1182, 2498]
164:[1183, 1184, 1185, 1186, 1187, 1188, 2499, 2500, 2501, 2502, 2503, 2504]
165:[1189, 1190, 1191, 1192, 1193, 1194, 1195, 2505, 2506]
168:[1196, 1197, 2507, 2508, 2509]
169:[1198, 1199]
170:[1200, 1201, 2510]
171:[1202, 1203, 1204, 1205, 1206, 1207, 1208, 1209]
172:[1210]
176:[1211, 1212, 1213]
177:[1214, 1215, 1216, 1217, 1218, 1219, 1220, 1221, 1222, 1223, 1224, 1225]
178:[1226, 1227, 1228]
179:[1229, 1230]
181:[1231, 1232, 1233, 1234, 1235]
190:[1236, 1237, 1238, 1239, 1240, 2512, 2513, 2514]
191:[1241, 1242, 1243, 2515]
211:[1244, 1245, 1246]
231:[1247, 1248, 1249, 2516]
253:[1250, 1251, 2517]
254:[1252, 1253, 1254, 1255, 1256, 1257, 1258, 1259, 1260]
255:[1261]
256:[1262, 1263]
257:[1264]
258:[1265]
260:[1266, 1267]
263:[1268, 1269]
264:[1270, 2522]
265:[1271, 1272, 1273, 2523]
267:[1274, 1275]
268:[1276, 1277]
269:[1278]
272:[1279, 1280, 1281, 1282, 1283, 1284, 1285, 1286, 1287, 1288]
277:[1289, 1290, 1291, 1292, 1293, 1294, 1295, 1296, 1297, 1298, 1299, 1300, 1301, 2524, 2525, 2526, 2527]
288:[1302, 1303, 1304, 1305]
289:[1306, 1307, 2528]
290:[1308, 1309, 1310, 1311, 1312, 1313, 1314, 1315, 1316, 1317, 1318, 1319, 1320, 1321, 1322, 1323, 1324, 1325, 1326, 1327, 1328, 1329, 1330, 1331, 1332, 1333, 1334, 1335]
304:[1336]
306:[1337]
307:[1338, 1339, 1340, 1341, 1342]
314:[1343]
345:[1344, 2529]
368:[1345]
373:[1346]
384:[1347, 1348, 1349, 1350, 1351, 1352, 1353, 1354, 2532, 2533]
411:[1355, 1356, 1357, 1358]
413:[1359]
419:[1360]
421:[1361]
428:[1362, 1363, 1364, 1365, 1366]
433:[1367]
434:[1368, 1369, 1370, 1371]
435:[1372, 1373, 1374, 1375]
436:[1376, 1377, 1378]
438:[1379, 1380, 1381]
439:[1382, 1383, 1384, 1385, 1386, 1387, 1388]
446:[1389, 1390, 1391, 2536]
451:[1392]
454:[1393, 1394, 1395, 1396, 1397]
456:[1398]
458:[1399]
472:[1400]
476:[1401, 1402, 1403, 1404]
488:[1405, 1406, 1407, 1408, 1409, 1410, 1411, 1412, 1413, 1414, 1415, 1416]
489:[1417, 1418, 1419, 1420, 1421, 1422, 1423]
505:[1424, 1425, 1426, 1427, 1428, 1429, 1430, 1431, 1432, 1433, 1434, 1435, 1436, 1437, 1438, 2537]
515:[1439, 1440, 1441, 1442, 1443, 1444, 1445, 1446, 1447]
525:[1448]
528:[1449]
529:[1450]
532:[1451, 1452, 1453, 1454, 1455, 2538]
535:[1456]
538:[1457]
543:[1458, 1459]
548:[1460, 1461, 1462, 2539]
556:[1463, 1464]
558:[1465, 1466, 1467, 1468, 1469, 1470, 1471, 1472, 1473, 1474, 1475, 1476]
571:[1477]
578:[1478, 1479, 1480, 1481, 1482, 1483, 1484, 1485, 1486, 1487, 1488]
585:[1489, 1490]
587:[1491, 1492, 1493, 1494, 1495, 1496, 2540, 2541]
589:[1497]
599:[1498, 1499, 1500, 1501]
600:[1502, 1503]
611:[1504, 2542, 2543]
614:[1505, 1506, 1507]
620:[1508, 2544, 2545]
632:[1509]
640:[1510, 1511]
646:[1512, 1513, 1514, 1515, 1516, 1517, 1518, 1519, 1520, 1521]
654:[1522, 1523, 1524, 1525]
655:[1526, 1527, 1528]
657:[1529, 1530, 1531]
666:[1532, 1533, 1534, 1535, 1536, 1537, 1538]
679:[1539, 1540]
694:[1541, 1542, 1543]
698:[1544, 1545]
699:[1546, 1547, 1548, 2546, 2547]
702:[1549, 1550]
703:[1551, 1552, 1553]
711:[1554, 1555, 1556, 1557, 1558, 1559, 1560, 1561, 1562, 1563, 1564, 1565, 1566, 1567, 1568, 1569, 1570, 1571, 1572, 1573, 1574, 1575, 1576, 1577, 1578]
717:[1579, 1580, 1581, 1582, 1583, 1584]
718:[1585, 1586, 1587]
722:[1588, 1589, 2548, 2549]
726:[1590, 1591, 1592, 1593, 1594, 1595, 1596, 1597, 1598, 1599]
738:[1600, 1601]
742:[1602, 1603]
745:[1604, 1605, 1606, 1607, 1608, 1609, 1610, 1611, 1612, 2550]
753:[1613, 1614, 1615, 1616, 1617, 1618, 1619, 1620, 1621, 1622, 1623]
755:[1624]
759:[1625, 1626]
767:[1627, 1628, 1629]
781:[1630]
782:[1631, 1632, 1633]
783:[1634]
787:[1635, 1636, 1637, 1638]
791:[1639, 1640, 2551, 2552]
805:[1641]
818:[1642, 1643, 1644, 1645, 1646, 1647, 1648]
819:[1649, 1650, 1651, 1652, 1653, 1654, 1655, 1656]
824:[1657, 1658, 1659, 1660, 1661, 1662]
852:[1663, 2553]
854:[1664, 1665, 1666]
867:[1667]
870:[1668, 1669, 1670, 1671, 1672]
871:[1673, 1674, 1675, 1676, 1677, 1678, 1679, 1680]
886:[1681, 1682, 1683, 1684, 1685, 1686, 1687, 1688, 1689]
889:[1690, 1691, 1692, 1693, 1694, 1695]
890:[1696, 1697, 1698]
896:[1699, 2554, 2555]
923:[1700, 1701]
928:[1702, 1703, 1704]
964:[1705, 1706, 1707, 1708, 1709, 1710, 1711]
969:[1712, 1713, 1714]
979:[1715, 1716, 1717, 1718, 1719, 1720]
984:[1721, 1722]
1001:[1723]
1021:[1724, 1725]
1031:[1726]
1038:[1727, 1728, 1729]
1121:[1730, 1731]
1129:[1732, 1733]
1165:[1734, 1735, 1736, 1737, 1738]
1167:[1739, 1740, 1741, 1742, 2556, 2557]
1188:[1743, 1744, 1745, 1746, 1747, 1748, 1749, 1750]
1202:[1751, 1752, 2558]
1278:[1753, 1754, 1755, 1756]
1304:[1757, 1758, 1759, 1760, 1761, 1762, 2562, 2563]
1353:[1763, 1764, 1765, 1766, 1767, 1768, 1769]
1354:[1770, 1771]
1355:[1772, 2565]
1368:[1773, 1774, 1775, 1776, 1777, 1778, 1779, 1780, 1781, 1782, 1783, 1784, 1785, 1786, 1787, 1788, 2566, 2567]
1379:[1789, 1790, 1791]
1471:[1792, 1793, 1794, 1795, 1796, 1797, 1798, 1799]
1491:[1800, 1801, 1802, 1803, 1804, 1805, 1806, 1807, 1808, 1809, 1810]
1516:[1811, 1812, 1813, 1814, 1815, 1816, 1817, 1818, 1819, 1820, 1821, 1822, 1823, 1824, 1825, 1826, 1827, 1828, 1829, 1830, 1831, 1832, 1833, 1834, 1835, 1836, 1837, 1838, 1839, 1840, 1841, 1842, 1843, 1844, 1845, 1846, 1847, 1848, 1849, 1850, 1851, 1852, 2568, 2569]
1593:[1853, 1854, 1855, 1856, 1857, 1858]
1596:[1859]
1727:[1860, 1861, 1862, 2571]
1778:[1863, 1864, 1865, 1866, 1867, 1868, 1869, 1870, 1871, 1872, 1873, 1874, 1875, 1876, 1877, 1878, 1879, 1880, 1881, 1882, 1883, 1884, 1885, 1886, 1887, 1888, 1889, 2572, 2573, 2574]
1898:[1890]
1930:[1891, 1892, 1893]
1947:[1894]
1960:[1895, 1896, 1897, 1898, 1899, 1900, 1901, 1902, 1903, 1904, 1905, 1906, 1907, 1908, 1909, 1910, 1911]
1999:[1912, 2575]
2070:[1913, 1914, 1915, 1916, 1917, 1918, 2576, 2577, 2578, 2579]
2082:[1919, 1920, 1921, 1922, 1923, 1924, 1925, 1926, 1927, 1928, 2580, 2581]
2132:[1929, 1930, 1931, 1932, 1933, 1934, 1935, 2582]
2170:[1936, 1937, 1938, 1939]
2229:[1940, 2583]
2258:[1941, 1942, 1943, 1944, 1945, 1946, 1947, 1948, 1949, 1950, 1951, 1952, 2584, 2585, 2586, 2587, 2588]
2267:[1953, 2589, 2590, 2591, 2592, 2593]
2322:[1954]
2376:[1955, 1956, 1957, 1958, 1959, 1960]
2395:[1961]
2421:[1962, 1963, 1964]
2500:[1965, 2599]
2516:[1966]
2542:[1967, 1968, 1969, 1970, 1971, 1972, 1973, 1974, 1975, 1976, 1977]
2575:[1978, 1979, 1980, 1981, 1982, 1983]
2612:[1984]
2645:[1985]
2656:[1986]
2685:[1987, 1988, 1989, 1990, 1991, 1992, 1993, 1994, 1995, 1996, 1997, 1998, 1999]
2691:[2000]
2740:[2001, 2002, 2003]
2750:[2004, 2005, 2006, 2007, 2008, 2600, 2601]
2754:[2009, 2010, 2602]
2765:[2011, 2012, 2603]
2819:[2013, 2014, 2015, 2016, 2017, 2018, 2019]
2878:[2020, 2021, 2022, 2023, 2024, 2025, 2026, 2027, 2028, 2029, 2030, 2031, 2032, 2606]
2963:[2033, 2034, 2035, 2608]
3137:[2036, 2037, 2038, 2039]
3158:[2040, 2041, 2042, 2043, 2610]
3197:[2044, 2045, 2046, 2047, 2612, 2613, 2614]
3257:[2048, 2049, 2050, 2051, 2052, 2053, 2054, 2055, 2615]
3359:[2056, 2616]
3400:[2057]
3494:[2058, 2059, 2060, 2061, 2617]
3545:[2062, 2063, 2064, 2065, 2066, 2067, 2068, 2069, 2070, 2071, 2072, 2073, 2618]
3546:[2074, 2075, 2619]
3564:[2076, 2077, 2078]
3578:[2079, 2080, 2081, 2082, 2083, 2084, 2085, 2086, 2087, 2088, 2089, 2090, 2091, 2620]
3637:[2092, 2093, 2094, 2095, 2096, 2097]
3673:[2098, 2099, 2100, 2101, 2102, 2103, 2104, 2105, 2106, 2107, 2108, 2109, 2110, 2111]
3740:[2112, 2113, 2114, 2115, 2116]
3783:[2117, 2118, 2119, 2120, 2121, 2122, 2123, 2124, 2125, 2126]
3820:[2127, 2128]
3838:[2129, 2130]
3844:[2131, 2132, 2133, 2134, 2135, 2136, 2137, 2624]
3872:[2138, 2625, 2626]
3946:[2139, 2140, 2141, 2142, 2143, 2628]
3980:[2144, 2145]
3999:[2146]
4065:[2147, 2148]
4083:[2149, 2150, 2151, 2152, 2153]
4084:[2154, 2155, 2156, 2157, 2158, 2159, 2160, 2161]
4103:[2162]
4108:[2163, 2164, 2165, 2166, 2167, 2168, 2169, 2170, 2171, 2172, 2173, 2174, 2175, 2176, 2177, 2178, 2179, 2180, 2181, 2182, 2183, 2184, 2185, 2630, 2631]
4144:[2186, 2632]
4176:[2187]
4177:[2188, 2189, 2190, 2191, 2192, 2193, 2633]
4196:[2194, 2195, 2196, 2197, 2198]
4204:[2199, 2200, 2201, 2202, 2203, 2204, 2205, 2206, 2207, 2208, 2209, 2210, 2211, 2212, 2213]
4262:[2214]
4287:[2215, 2216, 2217]
4339:[2218, 2219, 2220, 2221]
4361:[2222, 2223, 2224, 2225, 2226, 2227, 2228, 2229, 2635]
4368:[2230, 2231, 2232, 2233, 2234, 2235, 2236, 2237, 2238, 2239, 2240, 2241, 2242, 2243, 2244, 2245, 2636]
4372:[2246, 2247, 2248, 2249, 2637]
4400:[2250, 2251, 2252, 2638]
4402:[2253, 2639, 2640]
4420:[2254, 2255, 2256]
4486:[2257, 2258, 2641]
4487:[2259, 2260, 2261, 2262, 2263]
4528:[2264, 2265, 2266, 2267, 2268, 2644]
4558:[2269, 2270, 2271, 2272, 2273, 2274, 2275, 2276, 2277, 2278, 2279, 2280, 2281, 2282, 2283, 2284, 2285, 2286, 2287, 2288, 2289, 2290, 2291, 2292, 2293, 2294, 2295, 2296, 2297, 2298, 2299, 2300, 2301, 2646]
4566:[2302, 2303, 2304]
4595:[2305, 2306, 2307, 2308, 2647]
4606:[2309, 2310]
4616:[2311]
4622:[2312, 2313, 2314, 2315, 2316, 2317, 2318, 2319, 2320, 2648, 2649]
4651:[2321, 2322, 2650, 2651]
4742:[2323, 2324, 2325, 2326, 2327]
4745:[2328, 2329, 2652]
4754:[2330, 2331, 2332, 2333, 2334, 2335]
4767:[2336, 2337, 2338, 2339, 2340, 2341, 2342, 2343, 2344, 2345, 2346, 2347, 2348, 2349, 2350, 2351]
4800:[2352, 2353, 2354, 2653]
4933:[2355, 2356, 2357, 2358, 2359, 2360, 2361, 2362, 2363, 2364, 2654]
4994:[2365, 2366, 2367, 2368, 2369, 2370, 2371, 2372, 2373, 2374, 2375, 2376, 2377, 2378, 2379, 2380, 2381]
5069:[2382]
5125:[2383, 2384]
5197:[2385, 2386, 2387, 2388, 2389, 2390, 2391, 2392, 2393, 2394, 2395, 2396, 2397, 2398, 2399, 2656]
5235:[2400, 2401, 2402, 2403, 2404, 2405, 2406, 2407, 2408, 2409, 2410, 2411, 2412, 2413, 2414, 2415, 2416, 2657]
150:[2493]
161:[2497]
180:[2511]
261:[2518, 2519]
262:[2520, 2521]
365:[2530, 2531]
386:[2534, 2535]
1268:[2559, 2560]
1277:[2561]
1306:[2564]
1715:[2570]
2269:[2594]
2414:[2595, 2596, 2597]
2464:[2598]
2782:[2604, 2605]
2924:[2607]
2987:[2609]
3183:[2611]
3806:[2621, 2622, 2623]
3886:[2627]
4056:[2629]
4279:[2634]
4527:[2642, 2643]
4538:[2645]
5075:[2655]
